,msp_0852,msp_0696,msp_0437c,msp_0025,msp_0070,msp_0089,msp_0318,msp_0225
Meta1,1,1,1,1,1,1,1,1
Meta2,1,1,0,0,0,1,1,1
Meta3,-1,0,0,0,0,0,-1,0
Meta4,-1,0,0,0,0,0,0,0
Meta5,-1,0,0,0,0,0,0,0
Meta6,-1,0,0,0,0,0,0,0
Meta7,-1,0,0,-1,-1,0,-1,0
Meta8,-1,0,0,0,0,0,-1,0
Meta9,-1,0,0,0,0,0,0,0
Meta10,-1,0,0,0,0,0,0,0
Meta11,5,0,0,0,0,0,0,0
Meta12,-1,0,0,0,0,0,0,0
Meta13,1,1,0,0,0,0,0,0
Meta14,-1,0,0,0,0,0,0,0
Meta15,1,0,1,0,0,1,1,1
Meta16,-1,0,0,0,0,0,0,0
Meta17,-1,0,0,0,0,0,-1,0
Meta18,1,1,0,0,0,0,0,0
Meta19,-1,0,0,0,0,0,-1,0
Meta20,-1,0,0,0,0,0,0,0
